0.13546649999999996
0.13333799999999996
0.13468049999999998
0.13318449999999998
0.13211900000000004
0.1276575000000001
0.13628400000000004
0.13413650000000008
0.13273600000000008
0.13140050000000011
0.1386380000000001
0.13627000000000009
0.13178850000000006
0.132547
0.13636650000000003
0.13913
0.14714949999999996
0.14175100000000002
0.13729049999999998
0.136937
0.13437249999999992
0.14909750000000008
0.1425440000000001
0.14037950000000005
0.1459245000000001
0.1354895000000001
0.13641100000000017
0.1459755000000001
0.1470475000000001
0.14443050000000004
0.148414
0.13613800000000004
0.1343405
0.12771099999999996
0.127989
0.14193050000000001
0.14974500000000002
0.15042500000000003
0.13904049999999996
0.16109099999999998
0.15091900000000005
0.1500455
0.1569585
0.1423455
0.1437210000000001
0.13012
0.13575949999999998
0.12910400000000002
0.148253
0.128543
0.13110249999999996
0.12077249999999999
