0.44814949999999987
0.4478869999999999
0.4510509999999999
0.45282649999999997
0.4373450000000002
0.45628699999999994
0.44747800000000004
0.446832
0.45281449999999984
0.45093449999999985
0.45876200000000017
0.4521930000000002
0.46426600000000035
0.4535335
0.45115500000000003
0.4570739999999999
0.4524165
0.44519649999999994
0.44268650000000015
0.4401714999999999
0.4461814999999996
0.4436404999999998
0.4468614999999999
0.43446349999999995
0.4321739999999999
0.44815400000000005
0.4335645
0.4193645000000001
0.4102345000000001
0.41070200000000023
0.419513
0.41002000000000005
0.42163700000000004
0.4268019999999999
0.4272144999999999
0.426755
0.427972
0.41664700000000005
0.42659700000000017
0.4322724999999999
0.42721850000000017
0.422866
0.43298200000000014
0.43398700000000007
0.42168050000000007
0.41104899999999966
0.4399939999999998
0.4546639999999998
0.45796899999999985
0.462374
0.46936250000000024
0.4766694999999997
