0.0020978499500000003
0.0022678415
0.0023744667000000002
0.0023773306500000004
0.0022689577500000003
0.004213188999999998
0.0022686562499999994
0.0018562433000000001
0.0016714979500000002
0.0016302459000000003
0.0013628008500000002
0.0034835029999999993
0.00236592955
0.0023247622499999987
0.002327840749999999
0.002338151349999999
0.005477039050000002
0.003615087100000001
0.003606575750000001
0.00386660475
0.004882732000000001
0.0035336049000000013
0.0035244372499999995
0.003518741949999999
0.002846410550000002
0.0030990820000000026
0.0036629393499999995
0.004120672850000001
0.004197523800000002
0.00481544085
0.003538289100000001
0.003233383050000001
0.0036110118000000015
0.0031851238499999994
0.003103932800000001
0.0032820872500000002
0.0032780100999999996
0.0055427732500000024
0.004579762000000002
0.004121991900000002
0.005786555949999999
0.006141188450000001
0.01254615265
0.005761220850000002
0.0073656904
0.008023665100000004
0.0064869473499999985
0.00839668275
0.005816243849999999
0.01312833665
0.012488440649999996
0.009220476750000003
