-6.2711500000000004
-6.326660000000004
-6.356815000000003
-6.3351850000000045
-6.385955000000001
-6.35749
-6.418515000000005
-6.4870050000000035
-6.345825
-6.290419999999998
-6.413289999999998
-6.538910000000002
-6.471385000000003
-6.378640000000003
-6.339194999999998
-6.322555000000001
-6.314305000000002
-6.285275
-6.328035
-6.315985
-6.19375
-6.343254999999998
-6.157984999999999
-6.182139999999997
-6.273815
-6.21856
-6.542875000000005
-6.6763850000000025
-6.663475
-6.548854999999998
-6.464714999999996
-6.425244999999998
-6.168495000000003
-6.221969999999999
-6.161390000000001
-6.253019999999996
-6.454525000000001
-6.590990000000005
-6.392834999999996
-6.295910000000003
-6.325849999999999
-6.367974999999998
-6.607750000000002
-6.469845000000003
-6.603885000000004
-6.590890000000001
-6.737255000000002
-7.1607699999999985
-7.190854999999999
-7.398934999999999
-7.3865700000000025
-7.8896149999999965
