0.15045650000000005
0.1532955
0.15700350000000002
0.1595845
0.15297850000000002
0.15197349999999996
0.15349300000000007
0.1505380000000001
0.15266950000000004
0.1523065000000001
0.14824050000000005
0.15335349999999995
0.15639950000000002
0.16153649999999994
0.15944049999999999
0.15902449999999996
0.15670749999999994
0.15683799999999995
0.1568435
0.15953099999999995
0.15699899999999992
0.16630050000000005
0.160319
0.16096450000000004
0.163411
0.15969550000000005
0.15955950000000002
0.15474050000000003
0.15319650000000004
0.15378100000000006
0.15644350000000004
0.159022
0.15908800000000003
0.15619250000000004
0.15610199999999996
0.1633965
0.16376200000000002
0.16508850000000003
0.1631270000000001
0.17766900000000008
0.16924550000000008
0.16433300000000006
0.16836700000000016
0.17207350000000005
0.17278350000000003
0.17675049999999998
0.18016650000000006
0.18192350000000007
0.18405850000000007
0.17595699999999997
0.1818129999999999
0.184036
