120.56464000000005
120.13371000000005
120.22354499999997
120.66623500000006
121.31803500000007
119.92868000000004
120.76539000000008
120.101065
119.370475
118.96959000000001
118.91505999999994
120.64773999999994
120.69477999999998
121.86229499999997
122.38484999999996
123.88534500000002
122.64935999999996
122.31545999999994
121.59596999999997
123.50857500000001
123.42430000000006
123.46270999999996
123.90164499999999
123.70374500000001
124.60557
126.01124000000003
125.78894500000006
125.46168500000002
126.37247999999995
125.97648500000001
126.397205
126.43363
126.56034
125.04328999999994
125.82551999999998
125.18213499999996
125.27909999999996
125.31014499999999
124.954665
122.88972999999994
123.48938999999997
124.67692499999997
123.39357499999997
123.67131
122.67020500000004
124.17512499999994
123.70195
122.79708500000004
122.11301500000009
122.78600500000007
123.24427500000007
123.96208000000007
