0.72342
0.7189599999999998
0.7111899999999994
0.7120900000000002
0.7216549999999997
0.7174150000000001
0.7133750000000001
0.710655
0.7171699999999999
0.7191849999999999
0.7276650000000001
0.7159250000000001
0.7130199999999998
0.7095649999999997
0.7169100000000003
0.7141750000000002
0.7126550000000003
0.7090200000000004
0.7038349999999997
0.7085949999999999
0.7115750000000002
0.70953
0.7040449999999998
0.7053399999999996
0.7018299999999995
0.6957900000000004
0.70843
0.7178449999999996
0.717715
0.7146250000000002
0.7169450000000004
0.7070700000000001
0.7127850000000001
0.7069000000000001
0.7093050000000001
0.7136699999999998
0.7051299999999999
0.7061299999999997
0.711485
0.7221299999999998
0.7236800000000001
0.7229449999999998
0.7198150000000001
0.7185849999999998
0.7117699999999999
0.6976349999999999
0.701075
0.6930649999999998
0.7003499999999997
0.68732
0.6852349999999997
0.6718749999999997
