0.17529615499999993
0.17086625000000003
0.17695793000000004
0.16640638000000008
0.159839115
0.16097001499999997
0.169402715
0.18088811500000004
0.17447786500000004
0.1722548650000001
0.1692275700000001
0.1871705800000001
0.17934843000000003
0.17778341000000006
0.17627779000000016
0.17901631999999995
0.17907531999999995
0.19186017
0.20060287000000007
0.18688443000000013
0.19874633
0.2065316300000001
0.1910767860000001
0.19919046500000015
0.22233042999999994
0.21862637999999993
0.21163367999999988
0.20348661499999987
0.20813586499999992
0.20222765499999995
0.20803336499999994
0.21845201499999997
0.2067197650000001
0.214968315
0.224341865
0.2191151800000001
0.24350897999999999
0.23313888000000005
0.21901408000000008
0.20269728
0.19567402999999994
0.20498932999999994
0.22341143
0.2323289099999999
0.2483820100000001
0.22801818000000001
0.24376175999999997
0.28472186
0.2639852199999999
0.30967744499999994
0.3123145099999999
0.32984536499999995
