214829.725
216697.775
213721.885
214977.825
220029.805
215266.695
213918.725
212087.625
211357.01
209335.17
205564.525
199144.125
203556.56
207483.305
207797.87
208994.77
209673.12
208852.62
211146.365
209917.925
209847.325
207035.705
207770.245
207748.485
202287.615
200407.02
206449.615
205367.535
206286.015
205423.485
205176.12
205005.335
203539.89
199016.805
199603.425
202618.515
207095.975
205799.59
206614.685
213878.345
207394.83
206024.755
200659.975
204498.255
202555.17
197371.14
198246.87
193556.69
192184.12
187690.495
187850.36
190166.05
