0.6155899999999996
0.6147149999999999
0.6160949999999998
0.6201200000000001
0.612625
0.61693
0.615165
0.610885
0.6179549999999998
0.6228499999999999
0.6170599999999998
0.6142400000000001
0.622345
0.6223949999999998
0.6274849999999997
0.63174
0.6375999999999997
0.6330000000000002
0.6287150000000001
0.6299500000000002
0.6346249999999999
0.6258
0.6291599999999999
0.6271299999999999
0.6170149999999999
0.6232099999999998
0.6139350000000001
0.6050249999999998
0.6028349999999996
0.6095199999999997
0.612105
0.6053299999999999
0.6257699999999999
0.6189950000000001
0.62013
0.6252400000000001
0.61428
0.608465
0.621155
0.635015
0.6179849999999999
0.613885
0.6000500000000001
0.6118500000000001
0.6039750000000003
0.6038700000000002
0.6002800000000001
0.5806199999999998
0.5779649999999997
0.5618011499999997
0.5617599999999997
0.5422149999999997
