0.4410799999999999
0.44350999999999985
0.43956999999999974
0.44584999999999964
0.44143599999999966
0.4278359999999997
0.42294149999999997
0.4258314999999998
0.41987749999999996
0.4346105
0.43626100000000007
0.4344774999999999
0.43140750000000005
0.43632249999999995
0.42581700000000017
0.43608899999999984
0.45117399999999996
0.4506934999999998
0.4494009999999999
0.45975599999999983
0.45252649999999994
0.45188099999999987
0.45525449999999984
0.46234149999999985
0.4602064999999999
0.46061799999999986
0.4782269999999999
0.4512964999999998
0.4616020000000001
0.4501149999999998
0.45901700000000006
0.4609100000000001
0.4614350000000001
0.465075
0.4588735000000001
0.4623430000000001
0.4667245000000001
0.46284450000000005
0.46771449999999987
0.46338999999999997
0.456969
0.4526825000000001
0.4444624999999999
0.4463484999999999
0.43062349999999994
0.44452899999999973
0.4475884999999997
0.47443399999999974
0.4509429999999998
0.4575244999999999
0.48003849999999987
0.4749769999999999
