0.2018041
0.21788584999999994
0.20798524999999998
0.21403785
0.20023259999999993
0.2156442
0.21403215000000017
0.1932443450000001
0.19752909
0.21090264
0.21083088999999997
0.20520599
0.19362794000000008
0.178451485
0.174838
0.17553885999999996
0.1787873599999999
0.16484485999999998
0.17265796000000003
0.165018585
0.16472164500000003
0.18056300999999997
0.16977409500000004
0.174150595
0.17737154499999996
0.15631974500000004
0.16797749499999995
0.16768426499999994
0.1641946649999999
0.18650684500000003
0.1630013449999999
0.15784201999999997
0.15892166999999996
0.15413202
0.18344824500000004
0.18377084000000005
0.1775666
0.17458580000000004
0.18008750000000007
0.168393055
0.17082320000000006
0.17170380000000002
0.17192894999999997
0.17801681000000003
0.20239220999999996
0.18163255999999997
0.18188561000000003
0.23074421500000003
0.24094764500000004
0.25799629
0.2672781399999999
0.2951584399999999
