0.0077898016500000025
0.007769319400000002
0.009307097700000003
0.008100954350000002
0.007856269350000002
0.007843672850000004
0.006426322350000001
0.006744897650000003
0.009090700550000002
0.006584970750000003
0.006518603250000004
0.009485564250000002
0.00884465095
0.005297535300000001
0.0071765306499999995
0.0075949135999999985
0.007176641499999997
0.008197067799999999
0.009913364650000001
0.006129816250000002
0.005917334950000002
0.005181757450000003
0.005178413500000002
0.0051885336000000015
0.005521284150000001
0.005674330800000001
0.00601497315
0.012378753400000003
0.006154330800000001
0.0062295033
0.005887320000000001
0.006462106300000003
0.007254571750000004
0.006424431050000001
0.0031523297999999996
0.0059283229000000005
0.0058706717500000005
0.00541405315
0.0053520329
0.003966143899999999
0.0024764842499999996
0.00332124225
0.0018949302999999992
0.010382292399999998
0.010096514749999999
0.008501280350000001
0.00654534265
0.008270889350000003
0.0073302653
0.0036376915500000028
0.0036320555000000023
0.003710060750000001
