0.6081349999999999
0.6062899999999997
0.6088999999999998
0.6085799999999998
0.6173549999999999
0.6197449999999998
0.6099549999999999
0.6041350000000001
0.6054749999999999
0.5999549999999998
0.6022499999999998
0.5866199999999999
0.5906999999999998
0.5980899999999998
0.5962299999999999
0.5982999999999997
0.5999149999999996
0.6104049999999996
0.6043139999999998
0.6050949999999999
0.6023399999999999
0.5959499999999998
0.6043249999999998
0.6113649999999998
0.6071549999999999
0.621075
0.6210100000000001
0.598945
0.6117499999999998
0.6207649999999999
0.6182499999999999
0.6185499999999997
0.6214499999999997
0.6224599999999996
0.6058439999999996
0.6019589999999996
0.6023139999999997
0.6046799999999997
0.6095349999999997
0.6122599999999997
0.6025899999999996
0.6033149999999998
0.6116199999999996
0.5998749999999997
0.5794699999999997
0.6032399999999996
0.6062949999999996
0.5813699999999996
0.5684099999999999
0.5609000000000001
0.57787
0.5601044999999999
