122.51694000000002
122.00285000000005
122.12993000000006
122.71068999999997
123.83031000000003
123.26339999999999
123.53994499999995
125.03917499999996
124.17461999999995
122.02913500000003
121.25545499999997
120.72564499999999
122.24413999999997
122.02130500000001
122.30658500000001
123.08727500000003
123.83704999999996
122.72703499999994
122.21665999999999
121.68892000000004
122.94460999999995
122.82490500000002
122.74901500000001
123.84585500000001
121.69729000000002
121.53531000000001
121.40884500000006
122.25732000000005
120.41985000000001
119.7936900000001
120.73617
121.30460000000011
121.35494000000004
122.68563000000002
120.4912850000001
120.67902000000002
121.22421000000003
122.36919500000002
122.51084500000003
122.6960950000001
122.68972000000002
123.29059000000002
122.84204000000005
121.40285000000006
121.84737
121.35038999999998
121.827225
120.85913500000004
120.90662000000002
119.607425
118.21883
120.60340500000002
