-6.8217700000000026
-6.730920000000003
-6.708945000000003
-6.663465000000001
-6.5171500000000036
-6.517044999999999
-6.56962
-6.679784999999996
-6.631225000000001
-6.577524999999998
-6.554869999999999
-6.891615000000001
-6.843290000000001
-6.783715000000002
-6.7893950000000025
-6.859940000000002
-6.822950000000002
-6.647195
-6.7497050000000005
-6.626259999999998
-6.59447
-6.610090000000001
-6.467605000000001
-6.515070000000004
-6.451364999999998
-6.280455
-6.232664999999998
-6.5984050000000005
-6.414844999999997
-6.515349999999996
-6.335829999999995
-6.3534449999999945
-6.208979999999997
-6.224459999999997
-6.664114999999997
-6.595389999999996
-6.568394999999994
-6.390554999999997
-6.379824999999998
-6.531149999999997
-6.492644999999995
-6.484894999999998
-6.3364299999999965
-6.440674999999995
-6.635020000000001
-6.406449999999999
-6.4119600000000005
-7.035150000000001
-7.314234999999999
-7.407385
-7.325675000000003
-7.506900000000004
