0.6808149999999996
0.6780949999999999
0.679395
0.683445
0.6922449999999997
0.6830949999999997
0.6782400000000003
0.6926000000000002
0.6906950000000003
0.6853350000000001
0.6891850000000003
0.6982250000000002
0.70221
0.708205
0.700875
0.6999249999999999
0.7071900000000001
0.7032250000000003
0.7041450000000004
0.7030249999999998
0.7027550000000002
0.711795
0.7075649999999996
0.7068000000000001
0.709655
0.7079999999999994
0.7142050000000001
0.7230449999999995
0.7133549999999999
0.6931200000000003
0.7104099999999995
0.7169799999999996
0.7165199999999995
0.7230249999999997
0.7219849999999998
0.7292700000000002
0.7256850000000002
0.7274250000000002
0.7246449999999999
0.7171850000000001
0.7264700000000005
0.7277150000000006
0.7228250000000003
0.7308299999999999
0.7202700000000002
0.7230699999999999
0.7163950000000001
0.7003799999999997
0.6880399999999995
0.68568
0.6882249999999996
0.6840950000000001
