223089.325
223176.15
223589.425
222677.79
222723.22
221100.5
223118.155
223396.825
226753.56
225480.555
225084.595
222648.405
222155.27
221561.4
222777.32
224015.015
223088.975
223348.215
229710.34
224363.48
223027.85
220792.005
219198.69
221508.095
219059.76
220226.725
217784.6
221103.465
219171.075
218236.1
220452.19
218791.06
218837.42
217444.165
211918.17
210239.3
209584.94
211265.565
211701.24
212264.68
210045.66
211128.495
210778.885
212371.365
211619.68
213394.98
211457.265
209342.955
211205.845
212265.56
211616.55
203707.885
