0.15452950000000001
0.1637285
0.16022300000000006
0.15979700000000002
0.16554550000000012
0.16834750000000007
0.1560465
0.15880700000000006
0.152952
0.15035150000000005
0.153705
0.16802499999999998
0.1698585
0.16744950000000003
0.1750815
0.17482149999999994
0.17165949999999996
0.16899100000000003
0.16316700000000003
0.16241
0.16402850000000005
0.16300449999999994
0.15811699999999992
0.15268349999999997
0.15540900000000002
0.15700750000000008
0.15210650000000003
0.14954050000000002
0.14799200000000007
0.17485149999999994
0.15140350000000005
0.1473490000000001
0.15270050000000002
0.14829000000000003
0.15227150000000006
0.15346300000000004
0.15136700000000003
0.15224999999999994
0.15813399999999997
0.1535779999999999
0.1478785
0.14859599999999995
0.15228450000000002
0.16276350000000003
0.1533255
0.15596800000000002
0.16424100000000003
0.16390899999999997
0.16118500000000002
0.15604200000000001
0.17845800000000003
0.1601510000000001
