0.14563100000000007
0.14632500000000007
0.14774750000000006
0.1490110000000001
0.15125350000000004
0.1483780000000001
0.1488020000000001
0.16109450000000003
0.16093949999999999
0.14345399999999997
0.146017
0.1549605
0.15862250000000003
0.15903450000000013
0.1511015000000001
0.16286500000000004
0.16258299999999998
0.15340549999999994
0.15746700000000005
0.15208650000000007
0.1471870000000001
0.15722700000000012
0.14940000000000014
0.1529695000000001
0.1438170000000001
0.13971900000000004
0.14047050000000005
0.15918100000000002
0.14613500000000004
0.14546049999999996
0.14164950000000004
0.1445085
0.13825700000000002
0.13793800000000003
0.1457335
0.13942749999999993
0.1368605
0.13976199999999994
0.13998249999999993
0.1414075
0.1400765
0.14307099999999998
0.1351845
0.13551199999999994
0.13476699999999991
0.13788649999999997
0.13407299999999997
0.1294095
0.12413750000000004
0.12734299999999998
0.13892849999999998
0.110277
